This is the original A matrix:
    3.3075     3.9686     0.9082     0.3449 
    4.8543     1.6724     3.8090     1.7901 
    4.5661     3.1063     2.9043     3.7317 
    2.9336     1.3437     1.4180     1.0471 
    4.9074     4.8894     1.8313     1.3942 
    1.1967     3.8629     3.4631     4.7177 

This is the matrix Q:
    0.3497     0.3512    -0.4187    -0.3130 
    0.5132    -0.4866     0.4471    -0.5158 
    0.4827    -0.0877     0.1029     0.7754 
    0.3101    -0.2137    -0.0310     0.1609 
    0.5188     0.2801    -0.4012    -0.0921 
    0.1265     0.7128     0.6725    -0.0181 

This is Qt*Q:
    1.0000    -0.0000    -0.0000    -0.0000 
   -0.0000     1.0000    -0.0000    -0.0000 
   -0.0000    -0.0000     1.0000    -0.0000 
   -0.0000    -0.0000    -0.0000     1.0000 

This is R which is upper triangular:
    9.4591     7.1875     5.5023     4.4856 
    0.0000     4.1436     0.8894     2.4525 
    0.0000     0.0000     3.1717     3.6206 
    0.0000     0.0000     0.0000     1.8171 

This is Q*R (should be same as original A):
    3.3075     3.9686     0.9082     0.3449 
    4.8543     1.6724     3.8090     1.7901 
    4.5661     3.1063     2.9043     3.7317 
    2.9336     1.3437     1.4180     1.0471 
    4.9074     4.8894     1.8313     1.3942 
    1.1967     3.8629     3.4631     4.7177 

