====================
====  TASK A.1  ====
====================

This is the original A matrix:
    1.1884     2.6118     4.3812     0.8559 
    2.8687     4.0799     1.8713     4.0115 
    1.5388     3.9281     2.1602     1.0934 
    1.0009     0.6846     3.0902     4.4309 
    1.5420     0.9438     3.6737     2.5752 
    0.5300     0.9060     2.1765     1.5380 

This is the matrix Q:
    0.3002     0.3419     0.6099    -0.3012 
    0.7247    -0.0893    -0.5766     0.0246 
    0.3887     0.6673    -0.0063     0.1082 
    0.2528    -0.3350     0.3434     0.7715 
    0.3895    -0.5617     0.2768    -0.5003 
    0.1339     0.0461     0.3177     0.2268 

This is Qt*Q:
    1.0000    -0.0000    -0.0000    -0.0000 
   -0.0000     1.0000     0.0000     0.0000 
   -0.0000     0.0000     1.0000    -0.0000 
   -0.0000     0.0000    -0.0000     1.0000 

This is R which is upper triangular:
    3.9585     5.9297     6.0149     5.9184 
    0.0000     2.4322    -0.2258    -2.1959 
    0.0000     0.0000     4.3491     0.9252 
    0.0000     0.0000     0.0000     2.4381 

This is Q*R (should be same as original A):
    1.1884     2.6118     4.3812     0.8559 
    2.8687     4.0799     1.8713     4.0115 
    1.5388     3.9281     2.1602     1.0934 
    1.0009     0.6846     3.0902     4.4309 
    1.5420     0.9438     3.6737     2.5752 
    0.5300     0.9060     2.1765     1.5380 

