====================
====  TASK A.1  ====
====================

This is the original A matrix:
    1.9418     3.2544     4.3565     2.7242 
    4.7746     0.9018     4.4546     4.4396 
    0.4156     2.0114     3.8223     0.6056 
    2.7398     2.5478     0.2793     3.7661 
    4.2394     1.4098     1.6810     2.9324 
    1.0343     2.5547     3.6106     3.3572 

This is the matrix Q:
    0.2660     0.5548     0.1314    -0.2651 
    0.6541    -0.3725     0.4854     0.2942 
    0.0569     0.4404     0.3983    -0.4465 
    0.3753     0.2829    -0.7079     0.2121 
    0.5808    -0.1817    -0.2328    -0.4558 
    0.1417     0.4964     0.1822     0.6254 

This is Qt*Q:
    1.0000    -0.0000    -0.0000    -0.0000 
   -0.0000     1.0000     0.0000     0.0000 
   -0.0000     0.0000     1.0000    -0.0000 
   -0.0000     0.0000    -0.0000     1.0000 

This is R which is upper triangular:
    7.2999     3.7070     5.8827     7.2550 
    0.0000     4.0883     4.0071     2.3235 
    0.0000     0.0000     4.3256     0.0169 
    0.0000     0.0000     0.0000     1.8753 

This is Q*R (should be same as original A):
    1.9418     3.2544     4.3565     2.7242 
    4.7746     0.9018     4.4546     4.4396 
    0.4156     2.0114     3.8223     0.6056 
    2.7398     2.5478     0.2793     3.7661 
    4.2394     1.4098     1.6810     2.9324 
    1.0343     2.5547     3.6106     3.3572 

