====================
====  TASK A.1  ====
====================

This is the original A matrix:
    0.0293     3.1509     2.6415     4.5551 
    2.4352     4.0918     1.3286     1.4844 
    2.5928     0.9710     0.9407     4.9225 
    1.8488     2.8933     1.1536     3.9526 
    0.7027     0.8892     3.8407     2.2117 
    1.4794     1.6248     2.9691     2.6926 

This is the matrix Q:
    0.0068     0.7793     0.1858     0.5102 
    0.5623     0.3427    -0.3481    -0.5777 
    0.5987    -0.4813     0.0037     0.5140 
    0.4269     0.2069    -0.1982     0.2527 
    0.1623     0.0260     0.7826    -0.2206 
    0.3416    -0.0070     0.4388    -0.1711 

This is Qt*Q:
    1.0000     0.0000     0.0000     0.0000 
    0.0000     1.0000     0.0000     0.0000 
    0.0000     0.0000     1.0000    -0.0000 
    0.0000     0.0000    -0.0000     1.0000 

This is R which is upper triangular:
    4.3306     4.8381     3.4582     6.7789 
    0.0000     4.0010     2.3792     2.5461 
    0.0000     0.0000     4.1116     2.4768 
    0.0000     0.0000     0.0000     4.0470 

This is Q*R (should be same as original A):
    0.0293     3.1509     2.6415     4.5551 
    2.4352     4.0918     1.3286     1.4844 
    2.5928     0.9710     0.9407     4.9225 
    1.8488     2.8933     1.1536     3.9526 
    0.7027     0.8892     3.8407     2.2117 
    1.4794     1.6248     2.9691     2.6926 

