====================
====  TASK A.1  ====
====================

This is the original A matrix:
    0.0932     3.9076     3.5517     0.9897 
    3.3261     3.0213     0.8811     0.7347 
    2.7861     1.2646     4.6877     0.0396 
    0.5258     0.3902     0.9781     3.4195 
    0.4415     3.0656     0.8407     3.7967 
    1.1635     1.1779     0.6027     4.4527 

This is the matrix Q:
    0.0205     0.7961     0.3898    -0.2172 
    0.7318     0.0636    -0.5362    -0.3231 
    0.6130    -0.2098     0.6906    -0.0326 
    0.1157    -0.0081     0.1348     0.5943 
    0.0971     0.5620    -0.2208     0.2864 
    0.2560     0.0474    -0.1292     0.6420 

This is Qt*Q:
    1.0000    -0.0000     0.0000     0.0000 
   -0.0000     1.0000     0.0000     0.0000 
    0.0000     0.0000     1.0000    -0.0000 
    0.0000     0.0000    -0.0000     1.0000 

This is R which is upper triangular:
    4.5453     3.7107     3.9401     2.4864 
    0.0000     4.8131     2.3929     3.1435 
    0.0000     0.0000     4.0176    -0.9334 
    0.0000     0.0000     0.0000     5.5246 

This is Q*R (should be same as original A):
    0.0932     3.9076     3.5517     0.9897 
    3.3261     3.0213     0.8811     0.7347 
    2.7861     1.2646     4.6877     0.0396 
    0.5258     0.3902     0.9781     3.4195 
    0.4415     3.0656     0.8407     3.7967 
    1.1635     1.1779     0.6027     4.4527 

