This is the original A matrix:
    3.1377     0.0441     1.8087     4.0491 
    1.7800     4.4764     4.0559     3.9725 
    3.4120     4.1335     1.8950     4.5971 
    2.1183     4.6009     2.5302     2.0586 

Q*R=A :
    3.1377     0.0441     1.8087     4.0491 
    1.7800     4.4764     4.0559     3.9725 
    3.4120     4.1335     1.8950     4.5971 
    2.1183     4.6009     2.5302     2.0586 

B:
    0.3826    -0.4798    -0.2172     0.6583 
   -0.2531    -0.0105     0.2158     0.0361 
    0.2795     0.1856    -0.5430     0.3046 
   -0.1717     0.2890     0.4085    -0.6466 

A*B:
    1.0000    -0.0000    -0.0000     0.0000 
    0.0000     1.0000    -0.0000     0.0000 
    0.0000    -0.0000     1.0000     0.0000 
    0.0000     0.0000     0.0000     1.0000 

B*A:
    1.0000     0.0000     0.0000     0.0000 
   -0.0000     1.0000    -0.0000    -0.0000 
    0.0000     0.0000     1.0000     0.0000 
   -0.0000    -0.0000    -0.0000     1.0000 

