====================
====   TASK B   ====
====================

This is the original A matrix:
    2.6326     1.0537     1.4097     2.3309 
    3.6428     2.0440     2.8738     3.4101 
    2.1139     4.0285     3.2806     0.2520 
    2.0524     1.9800     4.1501     2.1463 

Q*R=A :
    2.6326     1.0537     1.4097     2.3309 
    3.6428     2.0440     2.8738     3.4101 
    2.1139     4.0285     3.2806     0.2520 
    2.0524     1.9800     4.1501     2.1463 

B:
    4.6283    -3.6438     0.2794     0.7302 
   -3.3672     2.9039     0.1336    -0.9727 
    1.4726    -1.5031    -0.0109     0.7902 
   -4.1668     3.7118    -0.3694    -0.8629 

A*B:
    1.0000     0.0000     0.0000     0.0000 
   -0.0000     1.0000    -0.0000    -0.0000 
    0.0000    -0.0000     1.0000     0.0000 
    0.0000    -0.0000     0.0000     1.0000 

B*A:
    1.0000     0.0000     0.0000     0.0000 
   -0.0000     1.0000    -0.0000    -0.0000 
    0.0000     0.0000     1.0000     0.0000 
   -0.0000    -0.0000    -0.0000     1.0000 

