====================
====   TASK B   ====
====================

This is the original A matrix:
    0.5202     4.1327     1.4739     3.6553 
    2.7279     2.8975     1.3050     3.3108 
    1.2411     2.3052     0.0376     2.5497 
    2.0403     2.7546     2.7326     2.7993 

Q*R=A :
    0.5202     4.1327     1.4739     3.6553 
    2.7279     2.8975     1.3050     3.3108 
    1.2411     2.3052     0.0376     2.5497 
    2.0403     2.7546     2.7326     2.7993 

B:
    0.8212     2.9097    -2.9888    -1.7915 
    3.2794     6.6274    -8.0113    -4.8238 
   -0.4795    -1.2838     1.0108     1.2238 
   -3.3576    -7.3894     9.0754     5.2153 

A*B:
    1.0000     0.0000    -0.0000     0.0000 
   -0.0000     1.0000     0.0000     0.0000 
   -0.0000     0.0000     1.0000     0.0000 
   -0.0000     0.0000     0.0000     1.0000 

B*A:
    1.0000     0.0000    -0.0000     0.0000 
   -0.0000     1.0000    -0.0000     0.0000 
    0.0000    -0.0000     1.0000    -0.0000 
    0.0000    -0.0000     0.0000     1.0000 

