qnewton: nsteps=1000 ngood=835 nbad=165 fx=9.8e-04
i=0 ai,bi,wi = -1.00676 1.56685 -0.109818
i=1 ai,bi,wi = -0.255699 1.1255 -0.427748
i=2 ai,bi,wi = 0.128118 0.99554 0.81142
i=3 ai,bi,wi = 1.97738 0.33297 0.729719
