A random real symmetric matrix, A:
    0.6343     0.7447    -0.4321    -0.6809 
    0.7447    -0.6181    -0.7414    -0.9940 
   -0.4321    -0.7414     0.8983    -0.0963 
   -0.6809    -0.9940    -0.0963    -0.3191 

D is the diagonal matrix with the corresponding eigenvalues:
   -1.6347     0.0000    -0.0000     0.0000 
   -0.0000    -0.4127    -0.0000    -0.0000 
   -0.0000    -0.0000     0.6647    -0.0000 
    0.0000    -0.0000    -0.0000     1.9781 

Check that V^t*V=1 :
    1.0000     0.0000     0.0000    -0.0000 
    0.0000     1.0000     0.0000    -0.0000 
    0.0000     0.0000     1.0000     0.0000 
   -0.0000    -0.0000     0.0000     1.0000 

Check that V^t*A*V=D:
    0.4689    -0.8508     0.3802    -0.6188 
   -0.8508    -0.1867    -0.9002     1.0366 
    0.3802    -0.9002     0.5681     0.3758 
   -0.6188     1.0366     0.3758    -0.2549 

Check that V*D*V^t=A :
    0.6343     0.7447    -0.4321    -0.6809 
    0.7447    -0.6181    -0.7414    -0.9940 
   -0.4321    -0.7414     0.8983    -0.0963 
   -0.6809    -0.9940    -0.0963    -0.3191 

