A random real symmetric matrix, A:
   -0.8146     0.2443    -0.8172     0.0453 
    0.2443    -0.4987     0.3413     0.0051 
   -0.8172     0.3413     0.7484    -0.6886 
    0.0453     0.0051    -0.6886     0.0596 

D is the diagonal matrix with the corresponding eigenvalues:
   -1.3676    -0.0000    -0.0000     0.0000 
   -0.0000    -0.3690    -0.0000    -0.0000 
   -0.0000     0.0000    -0.2066    -0.0000 
   -0.0000    -0.0000    -0.0000     1.4378 

Check that V^t*V=1 :
    1.0000     0.0000    -0.0000     0.0000 
    0.0000     1.0000    -0.0000     0.0000 
   -0.0000    -0.0000     1.0000    -0.0000 
    0.0000     0.0000    -0.0000     1.0000 

Check that V^t*A*V=D:
   -0.9057    -0.3316     0.5646    -0.1557 
   -0.3316    -0.5492     0.1467    -0.1286 
    0.5646     0.1467     0.9593     0.7390 
   -0.1557    -0.1286     0.7390    -0.0097 

Check that V*D*V^t=A :
   -0.8146     0.2443    -0.8172     0.0453 
    0.2443    -0.4987     0.3413     0.0051 
   -0.8172     0.3413     0.7484    -0.6886 
    0.0453     0.0051    -0.6886     0.0596 

