tgamma(5)= 24
j1(0.5)=0.0249922 
sqrt(-2)=0 + 1.41421*I
exp(I*PI)=-1 + 1.22465e-16*I
exp(I)=0.540302 + 0.841471*I
cpow(I,M_E)=-0.42822 + -0.903675*I
cpow(I,I)=0.20788+0*I
x_float=0.1111111119389533996582031
x_double=0.1111111111111111049432054
x_long_double=0.1111111111111111111096053
